0.000000E+0	5.633686E-8	-5.433243E-6
1.000000E-2	3.393776E-8	-6.035626E-6
2.000000E-2	2.438521E-8	-6.865937E-6
3.000000E-2	9.562275E-9	-7.940457E-6
4.000000E-2	-4.931259E-9	-8.266070E-6
5.000000E-2	-1.711900E-8	-9.340590E-6
6.000000E-2	-2.403637E-8	-1.038255E-5
7.000000E-2	-4.314149E-8	-1.129426E-5
8.000000E-2	-5.499983E-8	-1.230366E-5
9.000000E-2	-6.323479E-8	-1.306885E-5
1.000000E-1	-7.970472E-8	-1.455039E-5
1.100000E-1	-8.991607E-8	-1.546210E-5
1.200000E-1	-1.053978E-7	-1.674827E-5
1.300000E-1	-1.185737E-7	-1.785535E-5
1.400000E-1	-1.251617E-7	-1.977646E-5
1.500000E-1	-1.353731E-7	-2.111147E-5
1.600000E-1	-1.452550E-7	-2.277209E-5
1.700000E-1	-1.577722E-7	-2.448156E-5
1.800000E-1	-1.676541E-7	-2.630499E-5
1.900000E-1	-1.775361E-7	-2.785164E-5
2.000000E-1	-1.861004E-7	-2.985416E-5
2.100000E-1	-1.999352E-7	-3.201948E-5
2.200000E-1	-2.154169E-7	-3.368010E-5
2.300000E-1	-2.223343E-7	-3.587799E-5
2.400000E-1	-2.434158E-7	-3.807587E-5
2.500000E-1	-2.579093E-7	-4.030631E-5
2.600000E-1	-2.707559E-7	-4.237395E-5
2.700000E-1	-2.898610E-7	-4.484860E-5
2.800000E-1	-3.036957E-7	-4.706277E-5
2.900000E-1	-3.208244E-7	-4.948858E-5
3.000000E-1	-3.399295E-7	-5.214232E-5
3.100000E-1	-3.593640E-7	-5.468209E-5
3.200000E-1	-3.778104E-7	-5.740095E-5
3.300000E-1	-3.926333E-7	-5.972908E-5
3.400000E-1	-4.150324E-7	-6.265959E-5
3.500000E-1	-4.272201E-7	-6.515053E-5
3.600000E-1	-4.400667E-7	-6.840665E-5
3.700000E-1	-4.680656E-7	-7.135344E-5
3.800000E-1	-4.739947E-7	-7.379553E-5
3.900000E-1	-4.947468E-7	-7.706793E-5
4.000000E-1	-5.059464E-7	-8.001472E-5
4.100000E-1	-5.184635E-7	-8.281499E-5
4.200000E-1	-5.385568E-7	-8.636416E-5
4.300000E-1	-5.514034E-7	-8.935979E-5
4.400000E-1	-5.635911E-7	-9.240427E-5
4.500000E-1	-5.790729E-7	-9.564411E-5
4.600000E-1	-5.899430E-7	-9.857462E-5
4.700000E-1	-6.008132E-7	-1.018633E-4
4.800000E-1	-6.172831E-7	-1.052008E-4
4.900000E-1	-6.304590E-7	-1.084570E-4
5.000000E-1	-6.406704E-7	-1.116154E-4
5.100000E-1	-6.528581E-7	-1.150832E-4
5.200000E-1	-6.680104E-7	-1.185509E-4
5.300000E-1	-6.772336E-7	-1.220350E-4
5.400000E-1	-6.907389E-7	-1.250469E-4
5.500000E-1	-7.085265E-7	-1.283681E-4
5.600000E-1	-7.207142E-7	-1.320476E-4
5.700000E-1	-7.338901E-7	-1.354339E-4
5.800000E-1	-7.477249E-7	-1.390482E-4
5.900000E-1	-7.556304E-7	-1.427439E-4
6.000000E-1	-7.655124E-7	-1.460977E-4
6.100000E-1	-7.875821E-7	-1.497283E-4
6.200000E-1	-7.977935E-7	-1.532286E-4
6.300000E-1	-8.159104E-7	-1.567615E-4
6.400000E-1	-8.317215E-7	-1.605223E-4
6.500000E-1	-8.422623E-7	-1.640552E-4
6.600000E-1	-8.547794E-7	-1.679626E-4
6.700000E-1	-8.768491E-7	-1.713327E-4
6.800000E-1	-8.903544E-7	-1.752563E-4
6.900000E-1	-9.071538E-7	-1.791962E-4
7.000000E-1	-9.160475E-7	-1.827128E-4
7.100000E-1	-9.358114E-7	-1.864411E-4
7.200000E-1	-9.559047E-7	-1.905601E-4
7.300000E-1	-9.674337E-7	-1.941581E-4
7.400000E-1	-9.842330E-7	-1.978701E-4
7.500000E-1	-1.002021E-6	-2.018914E-4
7.600000E-1	-1.017173E-6	-2.058638E-4
7.700000E-1	-1.037596E-6	-2.099340E-4
7.800000E-1	-1.053736E-6	-2.137762E-4
7.900000E-1	-1.067241E-6	-2.176999E-4
8.000000E-1	-1.087005E-6	-2.219328E-4
8.100000E-1	-1.103475E-6	-2.256122E-4
8.200000E-1	-1.115992E-6	-2.295359E-4
8.300000E-1	-1.135427E-6	-2.334595E-4
8.400000E-1	-1.151238E-6	-2.376110E-4
8.500000E-1	-1.171002E-6	-2.417138E-4
8.600000E-1	-1.183849E-6	-2.458653E-4
8.700000E-1	-1.204930E-6	-2.499517E-4
8.800000E-1	-1.220412E-6	-2.538265E-4
8.900000E-1	-1.237540E-6	-2.581572E-4
9.000000E-1	-1.265210E-6	-2.624715E-4
9.100000E-1	-1.273445E-6	-2.663952E-4
9.200000E-1	-1.290244E-6	-2.704328E-4
9.300000E-1	-1.309349E-6	-2.747797E-4
9.400000E-1	-1.325490E-6	-2.788987E-4
9.500000E-1	-1.344266E-6	-2.833270E-4
9.600000E-1	-1.368312E-6	-2.876414E-4
9.700000E-1	-1.382476E-6	-2.921511E-4
9.800000E-1	-1.397628E-6	-2.962050E-4
9.900000E-1	-1.420357E-6	-3.008775E-4
1.000000E+0	-1.435838E-6	-3.050779E-4
1.010000E+0	-1.456590E-6	-3.094737E-4
1.020000E+0	-1.473390E-6	-3.138369E-4
1.030000E+0	-1.494471E-6	-3.180861E-4
1.040000E+0	-1.511271E-6	-3.224819E-4
1.050000E+0	-1.536964E-6	-3.273009E-4
1.060000E+0	-1.554751E-6	-3.310618E-4
1.070000E+0	-1.569904E-6	-3.360111E-4
1.080000E+0	-1.583738E-6	-3.403580E-4
1.090000E+0	-1.608114E-6	-3.447700E-4
1.100000E+0	-1.625243E-6	-3.497845E-4
1.110000E+0	-1.645336E-6	-3.538872E-4
1.120000E+0	-1.665100E-6	-3.583969E-4
1.130000E+0	-1.681240E-6	-3.634439E-4
1.140000E+0	-1.703310E-6	-3.678071E-4
1.150000E+0	-1.725380E-6	-3.727238E-4
1.160000E+0	-1.746461E-6	-3.771847E-4
1.170000E+0	-1.758978E-6	-3.818735E-4
1.180000E+0	-1.783024E-6	-3.872950E-4
1.190000E+0	-1.801800E-6	-3.916908E-4
1.200000E+0	-1.821893E-6	-3.962330E-4
1.210000E+0	-1.842316E-6	-4.008079E-4
1.220000E+0	-1.867350E-6	-4.057572E-4
1.230000E+0	-1.884479E-6	-4.104460E-4
1.240000E+0	-1.899302E-6	-4.151186E-4
1.250000E+0	-1.922689E-6	-4.196934E-4
1.260000E+0	-1.939159E-6	-4.250172E-4
1.270000E+0	-1.962217E-6	-4.293804E-4
1.280000E+0	-1.981322E-6	-4.342320E-4
1.290000E+0	-1.997133E-6	-4.388720E-4
1.300000E+0	-2.024144E-6	-4.442120E-4
1.310000E+0	-2.045884E-6	-4.489171E-4
1.320000E+0	-2.062354E-6	-4.533454E-4
1.330000E+0	-2.085083E-6	-4.583436E-4
1.340000E+0	-2.108800E-6	-4.633417E-4
1.350000E+0	-2.129881E-6	-4.682910E-4
1.360000E+0	-2.147339E-6	-4.731589E-4
1.370000E+0	-2.174679E-6	-4.780594E-4
1.380000E+0	-2.191149E-6	-4.830413E-4
1.390000E+0	-2.209595E-6	-4.878766E-4
1.400000E+0	-2.231336E-6	-4.930701E-4
1.410000E+0	-2.253076E-6	-4.981985E-4
1.420000E+0	-2.261640E-6	-5.032944E-4
1.430000E+0	-2.295568E-6	-5.080646E-4
1.440000E+0	-2.315662E-6	-5.131441E-4
1.450000E+0	-2.333449E-6	-5.183376E-4
1.460000E+0	-2.355190E-6	-5.233846E-4
1.470000E+0	-2.381212E-6	-5.284642E-4
1.480000E+0	-2.399658E-6	-5.334135E-4
1.490000E+0	-2.421728E-6	-5.385256E-4
1.500000E+0	-2.442151E-6	-5.436703E-4
1.510000E+0	-2.465538E-6	-5.485870E-4
1.520000E+0	-2.484643E-6	-5.537805E-4
1.530000E+0	-2.508360E-6	-5.591206E-4
1.540000E+0	-2.525489E-6	-5.641513E-4
1.550000E+0	-2.547558E-6	-5.698983E-4
1.560000E+0	-2.573581E-6	-5.744895E-4
1.570000E+0	-2.588404E-6	-5.796830E-4
1.580000E+0	-2.619367E-6	-5.849091E-4
1.590000E+0	-2.638802E-6	-5.902979E-4
1.600000E+0	-2.651319E-6	-5.955891E-4
1.610000E+0	-2.682282E-6	-6.009780E-4
1.620000E+0	-2.700070E-6	-6.060087E-4
1.630000E+0	-2.723128E-6	-6.113813E-4
1.640000E+0	-2.744868E-6	-6.169330E-4
1.650000E+0	-2.764303E-6	-6.219963E-4
1.660000E+0	-2.785384E-6	-6.272224E-4
1.670000E+0	-2.805148E-6	-6.324322E-4
1.680000E+0	-2.827876E-6	-6.380327E-4
1.690000E+0	-2.852911E-6	-6.432751E-4
1.700000E+0	-2.873004E-6	-6.487291E-4
1.710000E+0	-2.904956E-6	-6.541668E-4
1.720000E+0	-2.922743E-6	-6.593929E-4
1.730000E+0	-2.946131E-6	-6.650260E-4
1.740000E+0	-2.966224E-6	-6.701381E-4
1.750000E+0	-2.987305E-6	-6.756409E-4
1.760000E+0	-3.013987E-6	-6.810624E-4
1.770000E+0	-3.034080E-6	-6.864675E-4
1.780000E+0	-3.059444E-6	-6.916773E-4
1.790000E+0	-3.074267E-6	-6.973755E-4
1.800000E+0	-3.097983E-6	-7.028458E-4
1.810000E+0	-3.127629E-6	-7.084138E-4
1.820000E+0	-3.148381E-6	-7.136561E-4
1.830000E+0	-3.176051E-6	-7.191102E-4
1.840000E+0	-3.197132E-6	-7.248247E-4
1.850000E+0	-3.217225E-6	-7.302949E-4
1.860000E+0	-3.239954E-6	-7.360094E-4
1.870000E+0	-3.262024E-6	-7.415448E-4
1.880000E+0	-3.289364E-6	-7.469174E-4
1.890000E+0	-3.315057E-6	-7.521761E-4
1.900000E+0	-3.333174E-6	-7.579720E-4
1.910000E+0	-3.358867E-6	-7.636214E-4
1.920000E+0	-3.384889E-6	-7.687986E-4
1.930000E+0	-3.403665E-6	-7.747084E-4
1.940000E+0	-3.430017E-6	-7.802276E-4
1.950000E+0	-3.459663E-6	-7.858770E-4
1.960000E+0	-3.486673E-6	-7.914286E-4
1.970000E+0	-3.501826E-6	-7.969803E-4
1.980000E+0	-3.521260E-6	-8.029716E-4
1.990000E+0	-3.545965E-6	-8.084744E-4
2.000000E+0	-3.577587E-6	-8.139447E-4
2.010000E+0	-3.595704E-6	-8.196267E-4
2.020000E+0	-3.620409E-6	-8.253737E-4
2.030000E+0	-3.644455E-6	-8.310394E-4
2.040000E+0	-3.669160E-6	-8.370469E-4
2.050000E+0	-3.698147E-6	-8.425009E-4
2.060000E+0	-3.723840E-6	-8.482154E-4
2.070000E+0	-3.742616E-6	-8.538648E-4
2.080000E+0	-3.772921E-6	-8.593351E-4
2.090000E+0	-3.794661E-6	-8.650984E-4
2.100000E+0	-3.818048E-6	-8.706989E-4
2.110000E+0	-3.847035E-6	-8.765925E-4
2.120000E+0	-3.869105E-6	-8.819326E-4
2.130000E+0	-3.892822E-6	-8.880378E-4
2.140000E+0	-3.923456E-6	-8.934918E-4
2.150000E+0	-3.946184E-6	-8.996296E-4
2.160000E+0	-3.970889E-6	-9.050510E-4
2.170000E+0	-3.992300E-6	-9.111237E-4
2.180000E+0	-4.019970E-6	-9.167405E-4
2.190000E+0	-4.046980E-6	-9.226667E-4
2.200000E+0	-4.071685E-6	-9.285440E-4
2.210000E+0	-4.091449E-6	-9.339003E-4
2.220000E+0	-4.121754E-6	-9.398916E-4
2.230000E+0	-4.148106E-6	-9.456712E-4
2.240000E+0	-4.174458E-6	-9.518578E-4
2.250000E+0	-4.197845E-6	-9.576700E-4
2.260000E+0	-4.224197E-6	-9.633682E-4
2.270000E+0	-4.253184E-6	-9.691478E-4
2.280000E+0	-4.272948E-6	-9.748298E-4
2.290000E+0	-4.301605E-6	-9.806745E-4
2.300000E+0	-4.328945E-6	-9.865518E-4
2.310000E+0	-4.348051E-6	-9.924617E-4
2.320000E+0	-4.378355E-6	-9.984041E-4
2.330000E+0	-4.410636E-6	-1.004526E-3
2.340000E+0	-4.430071E-6	-1.010191E-3
2.350000E+0	-4.451152E-6	-1.016085E-3
2.360000E+0	-4.488704E-6	-1.021799E-3
2.370000E+0	-4.515385E-6	-1.027384E-3
2.380000E+0	-4.534490E-6	-1.033863E-3
2.390000E+0	-4.552936E-6	-1.039708E-3
2.400000E+0	-4.583900E-6	-1.045455E-3
2.410000E+0	-4.612558E-6	-1.051511E-3
2.420000E+0	-4.634298E-6	-1.057535E-3
2.430000E+0	-4.664932E-6	-1.063233E-3
2.440000E+0	-4.689637E-6	-1.069290E-3
2.450000E+0	-4.718295E-6	-1.075118E-3
2.460000E+0	-4.748270E-6	-1.081028E-3
2.470000E+0	-4.766387E-6	-1.086824E-3
2.480000E+0	-4.796362E-6	-1.092897E-3
2.490000E+0	-4.823373E-6	-1.098839E-3
2.500000E+0	-4.850713E-6	-1.104879E-3
2.510000E+0	-4.874429E-6	-1.110691E-3
2.520000E+0	-4.898476E-6	-1.116732E-3
2.530000E+0	-4.927133E-6	-1.122951E-3
2.540000E+0	-4.953814E-6	-1.128926E-3
2.550000E+0	-4.985107E-6	-1.135178E-3
2.560000E+0	-5.010142E-6	-1.140925E-3
2.570000E+0	-5.037152E-6	-1.146834E-3
2.580000E+0	-5.060540E-6	-1.152858E-3
2.590000E+0	-5.087550E-6	-1.158573E-3
2.600000E+0	-5.113573E-6	-1.164841E-3
2.610000E+0	-5.136960E-6	-1.171190E-3
2.620000E+0	-5.169570E-6	-1.177247E-3
2.630000E+0	-5.193617E-6	-1.183059E-3
2.640000E+0	-5.221615E-6	-1.188969E-3
2.650000E+0	-5.251920E-6	-1.195074E-3
2.660000E+0	-5.281566E-6	-1.201228E-3
2.670000E+0	-5.301659E-6	-1.206877E-3
2.680000E+0	-5.334929E-6	-1.213243E-3
2.690000E+0	-5.361610E-6	-1.219218E-3
2.700000E+0	-5.389279E-6	-1.225763E-3
2.710000E+0	-5.415631E-6	-1.231526E-3
2.720000E+0	-5.443959E-6	-1.237517E-3
2.730000E+0	-5.472288E-6	-1.243525E-3
2.740000E+0	-5.503910E-6	-1.249728E-3
2.750000E+0	-5.529603E-6	-1.255508E-3
2.760000E+0	-5.562214E-6	-1.262215E-3
2.770000E+0	-5.582966E-6	-1.267913E-3
2.780000E+0	-5.612282E-6	-1.274133E-3
2.790000E+0	-5.641599E-6	-1.280254E-3
2.800000E+0	-5.667621E-6	-1.286164E-3
2.810000E+0	-5.697267E-6	-1.292481E-3
2.820000E+0	-5.719995E-6	-1.298521E-3
2.830000E+0	-5.746018E-6	-1.304642E-3
2.840000E+0	-5.785546E-6	-1.310552E-3
2.850000E+0	-5.810251E-6	-1.316967E-3
2.860000E+0	-5.840555E-6	-1.322974E-3
2.870000E+0	-5.865590E-6	-1.329112E-3
2.880000E+0	-5.893588E-6	-1.335120E-3
2.890000E+0	-5.928175E-6	-1.341648E-3
2.900000E+0	-5.947610E-6	-1.347754E-3
2.910000E+0	-5.983844E-6	-1.353501E-3
2.920000E+0	-6.013819E-6	-1.359948E-3
2.930000E+0	-6.042147E-6	-1.365825E-3
2.940000E+0	-6.072781E-6	-1.372614E-3
2.950000E+0	-6.090898E-6	-1.378377E-3
2.960000E+0	-6.123838E-6	-1.384727E-3
2.970000E+0	-6.154143E-6	-1.391027E-3
2.980000E+0	-6.184447E-6	-1.397181E-3
2.990000E+0	-6.213434E-6	-1.403108E-3
3.000000E+0	-6.242421E-6	-1.409652E-3
3.010000E+0	-6.277667E-6	-1.415758E-3
3.020000E+0	-6.305995E-6	-1.422188E-3
3.030000E+0	-6.333006E-6	-1.428424E-3
3.040000E+0	-6.362323E-6	-1.434773E-3
3.050000E+0	-6.398886E-6	-1.440814E-3
3.060000E+0	-6.421285E-6	-1.447049E-3
3.070000E+0	-6.450931E-6	-1.453350E-3
3.080000E+0	-6.483541E-6	-1.459634E-3
3.090000E+0	-6.513516E-6	-1.465934E-3
3.100000E+0	-6.549091E-6	-1.472724E-3
3.110000E+0	-6.572479E-6	-1.478519E-3
3.120000E+0	-6.604760E-6	-1.485032E-3
3.130000E+0	-6.641652E-6	-1.491283E-3
3.140000E+0	-6.665040E-6	-1.497470E-3
3.150000E+0	-6.696333E-6	-1.503168E-3
3.160000E+0	-6.719391E-6	-1.509941E-3
3.170000E+0	-6.758589E-6	-1.515949E-3
3.180000E+0	-6.785600E-6	-1.522005E-3
3.190000E+0	-6.820516E-6	-1.528957E-3
3.200000E+0	-6.849832E-6	-1.535111E-3
3.210000E+0	-6.884090E-6	-1.541558E-3
3.220000E+0	-6.915712E-6	-1.548119E-3
3.230000E+0	-6.947334E-6	-1.554078E-3
3.240000E+0	-6.971710E-6	-1.560916E-3
3.250000E+0	-7.002014E-6	-1.567119E-3
3.260000E+0	-7.036931E-6	-1.573435E-3
3.270000E+0	-7.068224E-6	-1.579980E-3
3.280000E+0	-7.096222E-6	-1.585858E-3
3.290000E+0	-7.131468E-6	-1.592793E-3
3.300000E+0	-7.164079E-6	-1.599159E-3
3.310000E+0	-7.196360E-6	-1.605524E-3
3.320000E+0	-7.225347E-6	-1.611874E-3
3.330000E+0	-7.263886E-6	-1.618093E-3
3.340000E+0	-7.290897E-6	-1.624524E-3
3.350000E+0	-7.326801E-6	-1.631101E-3
3.360000E+0	-7.364023E-6	-1.637255E-3
3.370000E+0	-7.393999E-6	-1.644028E-3
3.380000E+0	-7.428256E-6	-1.650264E-3
3.390000E+0	-7.457573E-6	-1.656808E-3
3.400000E+0	-7.490512E-6	-1.663728E-3
3.410000E+0	-7.526417E-6	-1.669882E-3
3.420000E+0	-7.561004E-6	-1.676361E-3
3.430000E+0	-7.595591E-6	-1.682988E-3
3.440000E+0	-7.624907E-6	-1.689402E-3
3.450000E+0	-7.656859E-6	-1.696175E-3
3.460000E+0	-7.693422E-6	-1.702492E-3
3.470000E+0	-7.728338E-6	-1.708874E-3
3.480000E+0	-7.756996E-6	-1.715256E-3
3.490000E+0	-7.790595E-6	-1.721768E-3
3.500000E+0	-7.821887E-6	-1.728297E-3
3.510000E+0	-7.851533E-6	-1.735021E-3
3.520000E+0	-7.887438E-6	-1.741419E-3
3.530000E+0	-7.921695E-6	-1.748419E-3
3.540000E+0	-7.954964E-6	-1.754850E-3
3.550000E+0	-7.989222E-6	-1.761265E-3
3.560000E+0	-8.022491E-6	-1.768086E-3
3.570000E+0	-8.051808E-6	-1.774371E-3
3.580000E+0	-8.089030E-6	-1.780932E-3
3.590000E+0	-8.125593E-6	-1.787900E-3
3.600000E+0	-8.152603E-6	-1.794201E-3
3.610000E+0	-8.194767E-6	-1.801006E-3
3.620000E+0	-8.225401E-6	-1.807388E-3
3.630000E+0	-8.258670E-6	-1.814047E-3
3.640000E+0	-8.287327E-6	-1.820950E-3
3.650000E+0	-8.326855E-6	-1.827494E-3
3.660000E+0	-8.363089E-6	-1.834202E-3
3.670000E+0	-8.401958E-6	-1.840845E-3
3.680000E+0	-8.423698E-6	-1.847520E-3
3.690000E+0	-8.467508E-6	-1.854081E-3
3.700000E+0	-8.500119E-6	-1.860544E-3
3.710000E+0	-8.532729E-6	-1.867594E-3
3.720000E+0	-8.570940E-6	-1.874513E-3
3.730000E+0	-8.601903E-6	-1.880862E-3
3.740000E+0	-8.640443E-6	-1.887537E-3
3.750000E+0	-8.677335E-6	-1.894310E-3
3.760000E+0	-8.708299E-6	-1.901180E-3
3.770000E+0	-8.747497E-6	-1.907807E-3
3.780000E+0	-8.777802E-6	-1.914563E-3
3.790000E+0	-8.816012E-6	-1.921027E-3
3.800000E+0	-8.845658E-6	-1.928092E-3
3.810000E+0	-8.884856E-6	-1.934865E-3
3.820000E+0	-8.917467E-6	-1.941459E-3
3.830000E+0	-8.960618E-6	-1.948394E-3
3.840000E+0	-8.987958E-6	-1.955167E-3
3.850000E+0	-9.030780E-6	-1.962282E-3
3.860000E+0	-9.064049E-6	-1.968859E-3
3.870000E+0	-9.095342E-6	-1.975648E-3
3.880000E+0	-9.132235E-6	-1.982600E-3
3.890000E+0	-9.161551E-6	-1.989454E-3
3.900000E+0	-9.198444E-6	-1.996406E-3
3.910000E+0	-9.237313E-6	-2.003341E-3
3.920000E+0	-9.268276E-6	-2.009772E-3
3.930000E+0	-9.298910E-6	-2.016740E-3
3.940000E+0	-9.335144E-6	-2.023790E-3
3.950000E+0	-9.362814E-6	-2.030790E-3
3.960000E+0	-9.400695E-6	-2.037661E-3
3.970000E+0	-9.435281E-6	-2.044710E-3
3.980000E+0	-9.474809E-6	-2.051516E-3
3.990000E+0	-9.507090E-6	-2.058419E-3
4.000000E+0	-9.534760E-6	-2.065615E-3
4.010000E+0	-9.570335E-6	-2.072225E-3
4.020000E+0	-9.612827E-6	-2.079632E-3
4.030000E+0	-9.644449E-6	-2.086438E-3
4.040000E+0	-9.675413E-6	-2.093552E-3
4.050000E+0	-9.714941E-6	-2.100292E-3
4.060000E+0	-9.748539E-6	-2.107391E-3
4.070000E+0	-9.784114E-6	-2.114261E-3
4.080000E+0	-9.814748E-6	-2.121490E-3
4.090000E+0	-9.853617E-6	-2.128181E-3
4.100000E+0	-9.884581E-6	-2.135475E-3
4.110000E+0	-9.916533E-6	-2.142345E-3
4.120000E+0	-9.957707E-6	-2.149606E-3
4.130000E+0	-9.984718E-6	-2.156444E-3
4.140000E+0	-1.002128E-5	-2.163478E-3
4.150000E+0	-1.005982E-5	-2.170804E-3
4.160000E+0	-1.008584E-5	-2.177788E-3
4.170000E+0	-1.012010E-5	-2.185049E-3
4.180000E+0	-1.015337E-5	-2.192148E-3
4.190000E+0	-1.018532E-5	-2.199490E-3
4.200000E+0	-1.022386E-5	-2.206393E-3
4.210000E+0	-1.025878E-5	-2.213459E-3
4.220000E+0	-1.029336E-5	-2.220720E-3
4.230000E+0	-1.032729E-5	-2.227981E-3
4.240000E+0	-1.035760E-5	-2.234819E-3
4.250000E+0	-1.039548E-5	-2.242211E-3
4.260000E+0	-1.042578E-5	-2.249407E-3
4.270000E+0	-1.046235E-5	-2.256456E-3
4.280000E+0	-1.050023E-5	-2.263945E-3
4.290000E+0	-1.053350E-5	-2.270995E-3
4.300000E+0	-1.056874E-5	-2.278126E-3
4.310000E+0	-1.060629E-5	-2.285875E-3
4.320000E+0	-1.064483E-5	-2.292876E-3
4.330000E+0	-1.067777E-5	-2.299779E-3
4.340000E+0	-1.070709E-5	-2.307154E-3
4.350000E+0	-1.074497E-5	-2.314529E-3
4.360000E+0	-1.077824E-5	-2.321969E-3
4.370000E+0	-1.081777E-5	-2.329149E-3
4.380000E+0	-1.084313E-5	-2.336101E-3
4.390000E+0	-1.088332E-5	-2.343623E-3
4.400000E+0	-1.091066E-5	-2.350835E-3
4.410000E+0	-1.095019E-5	-2.357933E-3
4.420000E+0	-1.097753E-5	-2.365797E-3
4.430000E+0	-1.101442E-5	-2.372863E-3
4.440000E+0	-1.105098E-5	-2.380270E-3
4.450000E+0	-1.108227E-5	-2.387564E-3
4.460000E+0	-1.111456E-5	-2.394809E-3
4.470000E+0	-1.114881E-5	-2.402461E-3
4.480000E+0	-1.118274E-5	-2.409575E-3
4.490000E+0	-1.121832E-5	-2.416771E-3
4.500000E+0	-1.124862E-5	-2.424407E-3
4.510000E+0	-1.128551E-5	-2.431782E-3
4.520000E+0	-1.131977E-5	-2.439467E-3
4.530000E+0	-1.134612E-5	-2.446728E-3
4.540000E+0	-1.137906E-5	-2.453614E-3
4.550000E+0	-1.141299E-5	-2.461576E-3
4.560000E+0	-1.144659E-5	-2.468707E-3
4.570000E+0	-1.147525E-5	-2.476586E-3
4.580000E+0	-1.151214E-5	-2.483717E-3
4.590000E+0	-1.154804E-5	-2.491483E-3
4.600000E+0	-1.157934E-5	-2.499005E-3
4.610000E+0	-1.161195E-5	-2.506038E-3
4.620000E+0	-1.164752E-5	-2.513381E-3
4.630000E+0	-1.167750E-5	-2.521179E-3
4.640000E+0	-1.172032E-5	-2.528668E-3
4.650000E+0	-1.174733E-5	-2.536239E-3
4.660000E+0	-1.178488E-5	-2.544118E-3
4.670000E+0	-1.181255E-5	-2.551152E-3
4.680000E+0	-1.184187E-5	-2.558348E-3
4.690000E+0	-1.187843E-5	-2.566211E-3
4.700000E+0	-1.191038E-5	-2.573456E-3
4.710000E+0	-1.195254E-5	-2.581564E-3
4.720000E+0	-1.198087E-5	-2.588809E-3
4.730000E+0	-1.201151E-5	-2.596526E-3
4.740000E+0	-1.204807E-5	-2.604324E-3
4.750000E+0	-1.208826E-5	-2.611536E-3
4.760000E+0	-1.211922E-5	-2.618781E-3
4.770000E+0	-1.214953E-5	-2.626938E-3
4.780000E+0	-1.218609E-5	-2.634362E-3
4.790000E+0	-1.221804E-5	-2.642437E-3
4.800000E+0	-1.225823E-5	-2.649894E-3
4.810000E+0	-1.228524E-5	-2.657545E-3
4.820000E+0	-1.231587E-5	-2.665311E-3
4.830000E+0	-1.235046E-5	-2.672703E-3
4.840000E+0	-1.238472E-5	-2.680452E-3
4.850000E+0	-1.242227E-5	-2.688153E-3
4.860000E+0	-1.244730E-5	-2.695723E-3
4.870000E+0	-1.248386E-5	-2.703213E-3
4.880000E+0	-1.252175E-5	-2.711206E-3
4.890000E+0	-1.255205E-5	-2.718549E-3
4.900000E+0	-1.258828E-5	-2.726412E-3
4.910000E+0	-1.262320E-5	-2.733999E-3
4.920000E+0	-1.266108E-5	-2.741846E-3
4.930000E+0	-1.269270E-5	-2.749645E-3
4.940000E+0	-1.272828E-5	-2.757232E-3
4.950000E+0	-1.276451E-5	-2.765095E-3
4.960000E+0	-1.279482E-5	-2.772894E-3
4.970000E+0	-1.283533E-5	-2.780562E-3
4.980000E+0	-1.286564E-5	-2.788246E-3
4.990000E+0	-1.290352E-5	-2.795963E-3
5.000000E+0	-1.294436E-5	-2.803762E-3
