0.000000E+0	5.864265E-8	-4.912264E-6
1.000000E-2	4.909010E-8	-5.791417E-6
2.000000E-2	4.151393E-8	-6.556605E-6
3.000000E-2	3.360837E-8	-7.468320E-6
4.000000E-2	1.746784E-8	-7.907896E-6
5.000000E-2	8.574080E-9	-8.884733E-6
6.000000E-2	-7.895846E-9	-9.535957E-6
7.000000E-2	-1.975419E-8	-1.056164E-5
8.000000E-2	-2.765976E-8	-1.158731E-5
9.000000E-2	-3.721231E-8	-1.256415E-5
1.000000E-1	-4.742367E-8	-1.398056E-5
1.100000E-1	-6.290540E-8	-1.490856E-5
1.200000E-1	-7.344615E-8	-1.593424E-5
1.300000E-1	-8.069291E-8	-1.739949E-5
1.400000E-1	-9.255126E-8	-1.879962E-5
1.500000E-1	-1.060566E-7	-2.023232E-5
1.600000E-1	-1.159386E-7	-2.187666E-5
1.700000E-1	-1.258205E-7	-2.335820E-5
1.800000E-1	-1.386671E-7	-2.537699E-5
1.900000E-1	-1.564546E-7	-2.710274E-5
2.000000E-1	-1.650189E-7	-2.874708E-5
2.100000E-1	-1.775361E-7	-3.070075E-5
2.200000E-1	-1.893944E-7	-3.281723E-5
2.300000E-1	-1.936766E-7	-3.468950E-5
2.400000E-1	-2.144287E-7	-3.675714E-5
2.500000E-1	-2.279340E-7	-3.911783E-5
2.600000E-1	-2.420982E-7	-4.118547E-5
2.700000E-1	-2.542859E-7	-4.333451E-5
2.800000E-1	-2.717440E-7	-4.579288E-5
2.900000E-1	-2.905198E-7	-4.828381E-5
3.000000E-1	-3.073191E-7	-5.082359E-5
3.100000E-1	-3.270830E-7	-5.310287E-5
3.200000E-1	-3.415765E-7	-5.580545E-5
3.300000E-1	-3.629874E-7	-5.854060E-5
3.400000E-1	-3.804456E-7	-6.108037E-5
3.500000E-1	-3.903275E-7	-6.381551E-5
3.600000E-1	-4.133854E-7	-6.692511E-5
3.700000E-1	-4.268907E-7	-7.000215E-5
3.800000E-1	-4.440195E-7	-7.244424E-5
3.900000E-1	-4.601600E-7	-7.540731E-5
4.000000E-1	-4.723477E-7	-7.828898E-5
4.100000E-1	-4.914528E-7	-8.134973E-5
4.200000E-1	-5.006760E-7	-8.447561E-5
4.300000E-1	-5.125344E-7	-8.753637E-5
4.400000E-1	-5.266985E-7	-9.062968E-5
4.500000E-1	-5.458036E-7	-9.380440E-5
4.600000E-1	-5.635911E-7	-9.719077E-5
4.700000E-1	-5.658969E-7	-9.994219E-5
4.800000E-1	-5.859902E-7	-1.032472E-4
4.900000E-1	-5.958722E-7	-1.067638E-4
5.000000E-1	-6.126715E-7	-1.099385E-4
5.100000E-1	-6.182713E-7	-1.131783E-4
5.200000E-1	-6.347412E-7	-1.167112E-4
5.300000E-1	-6.439644E-7	-1.198534E-4
5.400000E-1	-6.604343E-7	-1.232886E-4
5.500000E-1	-6.742690E-7	-1.263656E-4
5.600000E-1	-6.818452E-7	-1.301102E-4
5.700000E-1	-6.953505E-7	-1.336756E-4
5.800000E-1	-7.184084E-7	-1.371597E-4
5.900000E-1	-7.259846E-7	-1.404158E-4
6.000000E-1	-7.411369E-7	-1.438347E-4
6.100000E-1	-7.569480E-7	-1.477583E-4
6.200000E-1	-7.697946E-7	-1.511773E-4
6.300000E-1	-7.803353E-7	-1.549218E-4
6.400000E-1	-8.020756E-7	-1.586826E-4
6.500000E-1	-8.119576E-7	-1.621341E-4
6.600000E-1	-8.271099E-7	-1.657810E-4
6.700000E-1	-8.409447E-7	-1.696232E-4
6.800000E-1	-8.554382E-7	-1.732375E-4
6.900000E-1	-8.709199E-7	-1.767867E-4
7.000000E-1	-8.857429E-7	-1.806940E-4
7.100000E-1	-9.074832E-7	-1.847153E-4
7.200000E-1	-9.160475E-7	-1.881994E-4
7.300000E-1	-9.377878E-7	-1.920090E-4
7.400000E-1	-9.516226E-7	-1.955745E-4
7.500000E-1	-9.638103E-7	-2.000354E-4
7.600000E-1	-9.868682E-7	-2.035846E-4
7.700000E-1	-9.974090E-7	-2.081106E-4
7.800000E-1	-1.012232E-6	-2.115295E-4
7.900000E-1	-1.036937E-6	-2.154531E-4
8.000000E-1	-1.053736E-6	-2.194907E-4
8.100000E-1	-1.064936E-6	-2.235446E-4
8.200000E-1	-1.084370E-6	-2.272566E-4
8.300000E-1	-1.103805E-6	-2.315872E-4
8.400000E-1	-1.118628E-6	-2.354620E-4
8.500000E-1	-1.134109E-6	-2.396950E-4
8.600000E-1	-1.149591E-6	-2.434883E-4
8.700000E-1	-1.167379E-6	-2.477050E-4
8.800000E-1	-1.183849E-6	-2.517263E-4
8.900000E-1	-1.205259E-6	-2.558290E-4
9.000000E-1	-1.215800E-6	-2.597852E-4
9.100000E-1	-1.239846E-6	-2.640833E-4
9.200000E-1	-1.256646E-6	-2.684791E-4
9.300000E-1	-1.271469E-6	-2.723864E-4
9.400000E-1	-1.283656E-6	-2.766845E-4
9.500000E-1	-1.307373E-6	-2.811942E-4
9.600000E-1	-1.328454E-6	-2.854598E-4
9.700000E-1	-1.347230E-6	-2.895625E-4
9.800000E-1	-1.365676E-6	-2.941373E-4
9.900000E-1	-1.382805E-6	-2.982889E-4
1.000000E+0	-1.396311E-6	-3.027661E-4
1.010000E+0	-1.415745E-6	-3.065594E-4
1.020000E+0	-1.434850E-6	-3.112971E-4
1.030000E+0	-1.452638E-6	-3.158557E-4
1.040000E+0	-1.473719E-6	-3.201212E-4
1.050000E+0	-1.495789E-6	-3.246960E-4
1.060000E+0	-1.512259E-6	-3.287336E-4
1.070000E+0	-1.530046E-6	-3.332434E-4
1.080000E+0	-1.551457E-6	-3.380787E-4
1.090000E+0	-1.569904E-6	-3.424256E-4
1.100000E+0	-1.587032E-6	-3.470819E-4
1.110000E+0	-1.605149E-6	-3.515265E-4
1.120000E+0	-1.630513E-6	-3.561665E-4
1.130000E+0	-1.647642E-6	-3.610344E-4
1.140000E+0	-1.662794E-6	-3.654790E-4
1.150000E+0	-1.683546E-6	-3.704283E-4
1.160000E+0	-1.705286E-6	-3.747264E-4
1.170000E+0	-1.719121E-6	-3.796757E-4
1.180000E+0	-1.741850E-6	-3.840389E-4
1.190000E+0	-1.763260E-6	-3.889882E-4
1.200000E+0	-1.785989E-6	-3.939049E-4
1.210000E+0	-1.801141E-6	-3.983984E-4
1.220000E+0	-1.819258E-6	-4.030383E-4
1.230000E+0	-1.839352E-6	-4.080039E-4
1.240000E+0	-1.860433E-6	-4.125137E-4
1.250000E+0	-1.879868E-6	-4.173978E-4
1.260000E+0	-1.903584E-6	-4.221029E-4
1.270000E+0	-1.923678E-6	-4.267755E-4
1.280000E+0	-1.940147E-6	-4.319364E-4
1.290000E+0	-1.966829E-6	-4.365276E-4
1.300000E+0	-1.984946E-6	-4.415583E-4
1.310000E+0	-2.000757E-6	-4.462796E-4
1.320000E+0	-2.027109E-6	-4.511476E-4
1.330000E+0	-2.045555E-6	-4.560155E-4
1.340000E+0	-2.069601E-6	-4.608182E-4
1.350000E+0	-2.089694E-6	-4.657024E-4
1.360000E+0	-2.108141E-6	-4.705866E-4
1.370000E+0	-2.130869E-6	-4.754219E-4
1.380000E+0	-2.149974E-6	-4.801759E-4
1.390000E+0	-2.168421E-6	-4.855159E-4
1.400000E+0	-2.189173E-6	-4.901722E-4
1.410000E+0	-2.212231E-6	-4.954959E-4
1.420000E+0	-2.224748E-6	-5.004452E-4
1.430000E+0	-2.253405E-6	-5.055899E-4
1.440000E+0	-2.276463E-6	-5.105555E-4
1.450000E+0	-2.296886E-6	-5.153420E-4
1.460000E+0	-2.322909E-6	-5.207960E-4
1.470000E+0	-2.340367E-6	-5.257290E-4
1.480000E+0	-2.356507E-6	-5.309063E-4
1.490000E+0	-2.384506E-6	-5.361161E-4
1.500000E+0	-2.405917E-6	-5.410654E-4
1.510000E+0	-2.426669E-6	-5.461124E-4
1.520000E+0	-2.447421E-6	-5.513710E-4
1.530000E+0	-2.470150E-6	-5.564343E-4
1.540000E+0	-2.489914E-6	-5.618069E-4
1.550000E+0	-2.511654E-6	-5.665934E-4
1.560000E+0	-2.531747E-6	-5.721776E-4
1.570000E+0	-2.557440E-6	-5.774200E-4
1.580000E+0	-2.572922E-6	-5.823042E-4
1.590000E+0	-2.594662E-6	-5.878233E-4
1.600000E+0	-2.619697E-6	-5.931308E-4
1.610000E+0	-2.639790E-6	-5.978847E-4
1.620000E+0	-2.665812E-6	-6.036806E-4
1.630000E+0	-2.686564E-6	-6.087602E-4
1.640000E+0	-2.710281E-6	-6.141490E-4
1.650000E+0	-2.728728E-6	-6.194077E-4
1.660000E+0	-2.747833E-6	-6.246338E-4
1.670000E+0	-2.776490E-6	-6.298436E-4
1.680000E+0	-2.798231E-6	-6.352162E-4
1.690000E+0	-2.817006E-6	-6.408167E-4
1.700000E+0	-2.835453E-6	-6.460102E-4
1.710000E+0	-2.857193E-6	-6.517735E-4
1.720000E+0	-2.883545E-6	-6.565438E-4
1.730000E+0	-2.907591E-6	-6.622257E-4
1.740000E+0	-2.929990E-6	-6.675332E-4
1.750000E+0	-2.947119E-6	-6.727755E-4
1.760000E+0	-2.974129E-6	-6.783272E-4
1.770000E+0	-2.997187E-6	-6.835045E-4
1.780000E+0	-3.019916E-6	-6.892189E-4
1.790000E+0	-3.042315E-6	-6.946730E-4
1.800000E+0	-3.061749E-6	-7.001595E-4
1.810000E+0	-3.085795E-6	-7.054344E-4
1.820000E+0	-3.111818E-6	-7.111327E-4
1.830000E+0	-3.136852E-6	-7.165867E-4
1.840000E+0	-3.159910E-6	-7.219593E-4
1.850000E+0	-3.180003E-6	-7.275761E-4
1.860000E+0	-3.205697E-6	-7.329487E-4
1.870000E+0	-3.227766E-6	-7.386795E-4
1.880000E+0	-3.244566E-6	-7.442963E-4
1.890000E+0	-3.277176E-6	-7.493433E-4
1.900000E+0	-3.294634E-6	-7.551554E-4
1.910000E+0	-3.313410E-6	-7.608211E-4
1.920000E+0	-3.339103E-6	-7.663239E-4
1.930000E+0	-3.367761E-6	-7.722338E-4
1.940000E+0	-3.390489E-6	-7.776227E-4
1.950000E+0	-3.411571E-6	-7.833372E-4
1.960000E+0	-3.440887E-6	-7.889214E-4
1.970000E+0	-3.461639E-6	-7.944568E-4
1.980000E+0	-3.487003E-6	-8.002202E-4
1.990000E+0	-3.510390E-6	-8.058044E-4
2.000000E+0	-3.536413E-6	-8.115026E-4
2.010000E+0	-3.559141E-6	-8.170543E-4
2.020000E+0	-3.582858E-6	-8.227200E-4
2.030000E+0	-3.606904E-6	-8.283368E-4
2.040000E+0	-3.633585E-6	-8.339536E-4
2.050000E+0	-3.660596E-6	-8.395704E-4
2.060000E+0	-3.679372E-6	-8.451872E-4
2.070000E+0	-3.703088E-6	-8.512762E-4
2.080000E+0	-3.727134E-6	-8.566976E-4
2.090000E+0	-3.752827E-6	-8.626075E-4
2.100000E+0	-3.780168E-6	-8.683057E-4
2.110000E+0	-3.802896E-6	-8.739713E-4
2.120000E+0	-3.828919E-6	-8.794742E-4
2.130000E+0	-3.854941E-6	-8.852864E-4
2.140000E+0	-3.880964E-6	-8.910660E-4
2.150000E+0	-3.900398E-6	-8.967805E-4
2.160000E+0	-3.927738E-6	-9.026904E-4
2.170000E+0	-3.956725E-6	-9.079164E-4
2.180000E+0	-3.980442E-6	-9.143473E-4
2.190000E+0	-4.002512E-6	-9.198664E-4
2.200000E+0	-4.035781E-6	-9.254832E-4
2.210000E+0	-4.049945E-6	-9.311651E-4
2.220000E+0	-4.083873E-6	-9.372053E-4
2.230000E+0	-4.104954E-6	-9.429686E-4
2.240000E+0	-4.127354E-6	-9.487156E-4
2.250000E+0	-4.157658E-6	-9.547720E-4
2.260000E+0	-4.181704E-6	-9.604702E-4
2.270000E+0	-4.212997E-6	-9.663150E-4
2.280000E+0	-4.234079E-6	-9.722411E-4
2.290000E+0	-4.260101E-6	-9.781673E-4
2.300000E+0	-4.285135E-6	-9.839306E-4
2.310000E+0	-4.311158E-6	-9.897916E-4
2.320000E+0	-4.339816E-6	-9.958155E-4
2.330000E+0	-4.363862E-6	-1.001481E-3
2.340000E+0	-4.383955E-6	-1.007098E-3
2.350000E+0	-4.413271E-6	-1.013366E-3
2.360000E+0	-4.441929E-6	-1.019390E-3
2.370000E+0	-4.468281E-6	-1.024811E-3
2.380000E+0	-4.494633E-6	-1.031323E-3
2.390000E+0	-4.515056E-6	-1.036826E-3
2.400000E+0	-4.542396E-6	-1.042639E-3
2.410000E+0	-4.568418E-6	-1.048646E-3
2.420000E+0	-4.594770E-6	-1.054588E-3
2.430000E+0	-4.620463E-6	-1.060531E-3
2.440000E+0	-4.644509E-6	-1.066685E-3
2.450000E+0	-4.679096E-6	-1.072546E-3
2.460000E+0	-4.710389E-6	-1.078570E-3
2.470000E+0	-4.732788E-6	-1.084008E-3
2.480000E+0	-4.751564E-6	-1.090162E-3
2.490000E+0	-4.780880E-6	-1.096397E-3
2.500000E+0	-4.811844E-6	-1.102160E-3
2.510000E+0	-4.832596E-6	-1.108119E-3
2.520000E+0	-4.859277E-6	-1.114403E-3
2.530000E+0	-4.891229E-6	-1.119923E-3
2.540000E+0	-4.914616E-6	-1.126207E-3
2.550000E+0	-4.937674E-6	-1.131954E-3
2.560000E+0	-4.966661E-6	-1.138173E-3
2.570000E+0	-4.991366E-6	-1.143969E-3
2.580000E+0	-5.018377E-6	-1.150205E-3
2.590000E+0	-5.046705E-6	-1.155870E-3
2.600000E+0	-5.073716E-6	-1.162154E-3
2.610000E+0	-5.098420E-6	-1.168146E-3
2.620000E+0	-5.125102E-6	-1.174349E-3
2.630000E+0	-5.153101E-6	-1.180177E-3
2.640000E+0	-5.177476E-6	-1.186527E-3
2.650000E+0	-5.203499E-6	-1.192436E-3
2.660000E+0	-5.238415E-6	-1.198493E-3
2.670000E+0	-5.264767E-6	-1.204468E-3
2.680000E+0	-5.288483E-6	-1.210427E-3
2.690000E+0	-5.316812E-6	-1.216581E-3
2.700000E+0	-5.343493E-6	-1.222670E-3
2.710000E+0	-5.377092E-6	-1.228872E-3
2.720000E+0	-5.400149E-6	-1.235010E-3
2.730000E+0	-5.427160E-6	-1.241002E-3
2.740000E+0	-5.454830E-6	-1.247139E-3
2.750000E+0	-5.480852E-6	-1.252919E-3
2.760000E+0	-5.513133E-6	-1.259171E-3
2.770000E+0	-5.541791E-6	-1.265243E-3
2.780000E+0	-5.568143E-6	-1.271381E-3
2.790000E+0	-5.591530E-6	-1.277845E-3
2.800000E+0	-5.626776E-6	-1.283868E-3
2.810000E+0	-5.655104E-6	-1.289990E-3
2.820000E+0	-5.685738E-6	-1.295883E-3
2.830000E+0	-5.712749E-6	-1.301647E-3
2.840000E+0	-5.736795E-6	-1.308110E-3
2.850000E+0	-5.765782E-6	-1.314313E-3
2.860000E+0	-5.795757E-6	-1.320288E-3
2.870000E+0	-5.823427E-6	-1.326377E-3
2.880000E+0	-5.854390E-6	-1.332580E-3
2.890000E+0	-5.879754E-6	-1.338897E-3
2.900000E+0	-5.910058E-6	-1.345132E-3
2.910000E+0	-5.939375E-6	-1.351075E-3
2.920000E+0	-5.971326E-6	-1.357734E-3
2.930000E+0	-5.998008E-6	-1.363432E-3
2.940000E+0	-6.032265E-6	-1.369700E-3
2.950000E+0	-6.062899E-6	-1.375870E-3
2.960000E+0	-6.084640E-6	-1.381927E-3
2.970000E+0	-6.115274E-6	-1.388569E-3
2.980000E+0	-6.147555E-6	-1.394544E-3
2.990000E+0	-6.172918E-6	-1.400747E-3
3.000000E+0	-6.203223E-6	-1.406868E-3
3.010000E+0	-6.231222E-6	-1.413250E-3
3.020000E+0	-6.262844E-6	-1.419453E-3
3.030000E+0	-6.295455E-6	-1.425412E-3
3.040000E+0	-6.317524E-6	-1.431973E-3
3.050000E+0	-6.350464E-6	-1.438176E-3
3.060000E+0	-6.383733E-6	-1.444525E-3
3.070000E+0	-6.414038E-6	-1.450582E-3
3.080000E+0	-6.441049E-6	-1.456915E-3
3.090000E+0	-6.468059E-6	-1.463297E-3
3.100000E+0	-6.500670E-6	-1.469614E-3
3.110000E+0	-6.534269E-6	-1.475459E-3
3.120000E+0	-6.563585E-6	-1.481906E-3
3.130000E+0	-6.596195E-6	-1.488499E-3
3.140000E+0	-6.624853E-6	-1.494556E-3
3.150000E+0	-6.654170E-6	-1.500775E-3
3.160000E+0	-6.682168E-6	-1.506978E-3
3.170000E+0	-6.714120E-6	-1.513376E-3
3.180000E+0	-6.741131E-6	-1.519563E-3
3.190000E+0	-6.776376E-6	-1.526124E-3
3.200000E+0	-6.810305E-6	-1.532262E-3
3.210000E+0	-6.839621E-6	-1.538986E-3
3.220000E+0	-6.871573E-6	-1.545302E-3
3.230000E+0	-6.898254E-6	-1.551408E-3
3.240000E+0	-6.931523E-6	-1.557643E-3
3.250000E+0	-6.959193E-6	-1.564286E-3
3.260000E+0	-6.987192E-6	-1.570570E-3
3.270000E+0	-7.020131E-6	-1.577001E-3
3.280000E+0	-7.055377E-6	-1.583301E-3
3.290000E+0	-7.081399E-6	-1.589797E-3
3.300000E+0	-7.120269E-6	-1.596228E-3
3.310000E+0	-7.154526E-6	-1.602350E-3
3.320000E+0	-7.182525E-6	-1.608797E-3
3.330000E+0	-7.209536E-6	-1.615114E-3
3.340000E+0	-7.243134E-6	-1.621675E-3
3.350000E+0	-7.276733E-6	-1.628285E-3
3.360000E+0	-7.311978E-6	-1.634374E-3
3.370000E+0	-7.339977E-6	-1.641195E-3
3.380000E+0	-7.375882E-6	-1.647984E-3
3.390000E+0	-7.402563E-6	-1.653959E-3
3.400000E+0	-7.439456E-6	-1.660537E-3
3.410000E+0	-7.472396E-6	-1.667228E-3
3.420000E+0	-7.505006E-6	-1.673219E-3
3.430000E+0	-7.535969E-6	-1.679943E-3
3.440000E+0	-7.572203E-6	-1.686618E-3
3.450000E+0	-7.605802E-6	-1.693163E-3
3.460000E+0	-7.636107E-6	-1.699643E-3
3.470000E+0	-7.671352E-6	-1.705846E-3
3.480000E+0	-7.702975E-6	-1.712244E-3
3.490000E+0	-7.741185E-6	-1.718952E-3
3.500000E+0	-7.776430E-6	-1.725236E-3
3.510000E+0	-7.804759E-6	-1.732285E-3
3.520000E+0	-7.836052E-6	-1.738391E-3
3.530000E+0	-7.872285E-6	-1.745505E-3
3.540000E+0	-7.906213E-6	-1.751610E-3
3.550000E+0	-7.940471E-6	-1.758286E-3
3.560000E+0	-7.978022E-6	-1.764879E-3
3.570000E+0	-8.008656E-6	-1.771326E-3
3.580000E+0	-8.039290E-6	-1.777920E-3
3.590000E+0	-8.067619E-6	-1.784790E-3
3.600000E+0	-8.110770E-6	-1.791237E-3
3.610000E+0	-8.136134E-6	-1.797961E-3
3.620000E+0	-8.171050E-6	-1.804441E-3
3.630000E+0	-8.207284E-6	-1.811018E-3
3.640000E+0	-8.241870E-6	-1.817889E-3
3.650000E+0	-8.274481E-6	-1.824434E-3
3.660000E+0	-8.305444E-6	-1.831076E-3
3.670000E+0	-8.341678E-6	-1.838109E-3
3.680000E+0	-8.381206E-6	-1.844459E-3
3.690000E+0	-8.414475E-6	-1.851150E-3
3.700000E+0	-8.448403E-6	-1.857760E-3
3.710000E+0	-8.486614E-6	-1.864337E-3
3.720000E+0	-8.518895E-6	-1.871403E-3
3.730000E+0	-8.549529E-6	-1.877915E-3
3.740000E+0	-8.584116E-6	-1.884216E-3
3.750000E+0	-8.618044E-6	-1.891184E-3
3.760000E+0	-8.645054E-6	-1.898103E-3
3.770000E+0	-8.691499E-6	-1.904713E-3
3.780000E+0	-8.714887E-6	-1.911730E-3
3.790000E+0	-8.755732E-6	-1.918015E-3
3.800000E+0	-8.789990E-6	-1.925113E-3
3.810000E+0	-8.829517E-6	-1.931869E-3
3.820000E+0	-8.858175E-6	-1.938463E-3
3.830000E+0	-8.899679E-6	-1.945203E-3
3.840000E+0	-8.934266E-6	-1.951960E-3
3.850000E+0	-8.966877E-6	-1.958912E-3
3.860000E+0	-9.002122E-6	-1.966042E-3
3.870000E+0	-9.043627E-6	-1.972783E-3
3.880000E+0	-9.077555E-6	-1.979767E-3
3.890000E+0	-9.106871E-6	-1.986133E-3
3.900000E+0	-9.145740E-6	-1.993150E-3
3.910000E+0	-9.183950E-6	-2.000183E-3
3.920000E+0	-9.216561E-6	-2.007037E-3
3.930000E+0	-9.247854E-6	-2.013680E-3
3.940000E+0	-9.279476E-6	-2.020615E-3
3.950000E+0	-9.318015E-6	-2.027469E-3
3.960000E+0	-9.352602E-6	-2.034861E-3
3.970000E+0	-9.386201E-6	-2.041308E-3
3.980000E+0	-9.424411E-6	-2.048422E-3
3.990000E+0	-9.462951E-6	-2.055456E-3
4.000000E+0	-9.494902E-6	-2.062538E-3
4.010000E+0	-9.529819E-6	-2.069229E-3
4.020000E+0	-9.564735E-6	-2.076506E-3
4.030000E+0	-9.598992E-6	-2.083247E-3
4.040000E+0	-9.635885E-6	-2.090264E-3
4.050000E+0	-9.665202E-6	-2.097313E-3
4.060000E+0	-9.703082E-6	-2.104086E-3
4.070000E+0	-9.733387E-6	-2.111428E-3
4.080000E+0	-9.771597E-6	-2.118234E-3
4.090000E+0	-9.813101E-6	-2.125137E-3
4.100000E+0	-9.847688E-6	-2.132072E-3
4.110000E+0	-9.874699E-6	-2.139138E-3
4.120000E+0	-9.916533E-6	-2.146546E-3
4.130000E+0	-9.950131E-6	-2.153367E-3
4.140000E+0	-9.985706E-6	-2.160352E-3
4.150000E+0	-1.001865E-5	-2.167531E-3
4.160000E+0	-1.005554E-5	-2.174630E-3
4.170000E+0	-1.009375E-5	-2.181549E-3
4.180000E+0	-1.012537E-5	-2.188957E-3
4.190000E+0	-1.016095E-5	-2.196071E-3
4.200000E+0	-1.019784E-5	-2.202909E-3
4.210000E+0	-1.022847E-5	-2.210235E-3
4.220000E+0	-1.026306E-5	-2.217497E-3
4.230000E+0	-1.030226E-5	-2.224595E-3
4.240000E+0	-1.032993E-5	-2.231449E-3
4.250000E+0	-1.036814E-5	-2.238743E-3
4.260000E+0	-1.040207E-5	-2.245857E-3
4.270000E+0	-1.042776E-5	-2.253558E-3
4.280000E+0	-1.046630E-5	-2.260624E-3
4.290000E+0	-1.050451E-5	-2.267478E-3
4.300000E+0	-1.053448E-5	-2.274642E-3
4.310000E+0	-1.057434E-5	-2.282017E-3
4.320000E+0	-1.060300E-5	-2.289522E-3
4.330000E+0	-1.063792E-5	-2.296718E-3
4.340000E+0	-1.067283E-5	-2.303963E-3
4.350000E+0	-1.071401E-5	-2.310882E-3
4.360000E+0	-1.074266E-5	-2.318485E-3
4.370000E+0	-1.077923E-5	-2.325567E-3
4.380000E+0	-1.081250E-5	-2.332715E-3
4.390000E+0	-1.085235E-5	-2.340073E-3
4.400000E+0	-1.087838E-5	-2.347302E-3
4.410000E+0	-1.091395E-5	-2.354449E-3
4.420000E+0	-1.094656E-5	-2.362150E-3
4.430000E+0	-1.098181E-5	-2.369232E-3
4.440000E+0	-1.101574E-5	-2.376721E-3
4.450000E+0	-1.104571E-5	-2.384015E-3
4.460000E+0	-1.108227E-5	-2.391195E-3
4.470000E+0	-1.111752E-5	-2.398798E-3
4.480000E+0	-1.114684E-5	-2.406059E-3
4.490000E+0	-1.118768E-5	-2.413369E-3
4.500000E+0	-1.121897E-5	-2.420988E-3
4.510000E+0	-1.125224E-5	-2.428298E-3
4.520000E+0	-1.128881E-5	-2.435755E-3
4.530000E+0	-1.132175E-5	-2.443032E-3
4.540000E+0	-1.135205E-5	-2.450391E-3
4.550000E+0	-1.139586E-5	-2.458075E-3
4.560000E+0	-1.142419E-5	-2.465304E-3
4.570000E+0	-1.145351E-5	-2.472777E-3
4.580000E+0	-1.149369E-5	-2.480380E-3
4.590000E+0	-1.152927E-5	-2.487771E-3
4.600000E+0	-1.156484E-5	-2.495488E-3
4.610000E+0	-1.159482E-5	-2.502814E-3
4.620000E+0	-1.163270E-5	-2.510450E-3
4.630000E+0	-1.166827E-5	-2.517451E-3
4.640000E+0	-1.170319E-5	-2.525298E-3
4.650000E+0	-1.173086E-5	-2.532396E-3
4.660000E+0	-1.176676E-5	-2.540178E-3
4.670000E+0	-1.180003E-5	-2.547651E-3
4.680000E+0	-1.183396E-5	-2.554717E-3
4.690000E+0	-1.187612E-5	-2.562695E-3
4.700000E+0	-1.190709E-5	-2.569939E-3
4.710000E+0	-1.194003E-5	-2.577949E-3
4.720000E+0	-1.196737E-5	-2.585439E-3
4.730000E+0	-1.201019E-5	-2.593123E-3
4.740000E+0	-1.204016E-5	-2.600628E-3
4.750000E+0	-1.207475E-5	-2.608297E-3
4.760000E+0	-1.211494E-5	-2.615786E-3
4.770000E+0	-1.214953E-5	-2.623438E-3
4.780000E+0	-1.218345E-5	-2.630943E-3
4.790000E+0	-1.222199E-5	-2.638676E-3
4.800000E+0	-1.225032E-5	-2.646344E-3
4.810000E+0	-1.229084E-5	-2.653833E-3
4.820000E+0	-1.231949E-5	-2.661518E-3
4.830000E+0	-1.235771E-5	-2.669381E-3
4.840000E+0	-1.239065E-5	-2.676838E-3
4.850000E+0	-1.242391E-5	-2.684734E-3
4.860000E+0	-1.246575E-5	-2.692337E-3
4.870000E+0	-1.250066E-5	-2.699989E-3
4.880000E+0	-1.252669E-5	-2.707771E-3
4.890000E+0	-1.256720E-5	-2.715211E-3
4.900000E+0	-1.260146E-5	-2.723384E-3
4.910000E+0	-1.262781E-5	-2.730776E-3
4.920000E+0	-1.266635E-5	-2.738639E-3
4.930000E+0	-1.270094E-5	-2.746128E-3
4.940000E+0	-1.273388E-5	-2.753780E-3
4.950000E+0	-1.277670E-5	-2.761725E-3
4.960000E+0	-1.280997E-5	-2.769279E-3
4.970000E+0	-1.284686E-5	-2.776964E-3
4.980000E+0	-1.287453E-5	-2.784892E-3
4.990000E+0	-1.290714E-5	-2.792675E-3
5.000000E+0	-1.294568E-5	-2.800115E-3
