0.000000E+0	6.127784E-8	-5.002181E-7
1.000000E-2	6.391303E-8	-8.746721E-7
2.000000E-2	5.897205E-8	-1.265407E-6
3.000000E-2	6.424243E-8	-1.086320E-6
4.000000E-2	6.259543E-8	-1.623580E-6
5.000000E-2	6.094844E-8	-2.274805E-6
6.000000E-2	6.028964E-8	-2.470172E-6
7.000000E-2	5.567807E-8	-2.942310E-6
8.000000E-2	5.765446E-8	-3.333044E-6
9.000000E-2	5.600746E-8	-4.033111E-6
1.000000E-1	5.600746E-8	-4.570371E-6
1.100000E-1	5.831325E-8	-4.944825E-6
1.200000E-1	5.106649E-8	-5.775136E-6
1.300000E-1	5.468987E-8	-6.654289E-6
1.400000E-1	5.238408E-8	-6.996182E-6
1.500000E-1	5.403107E-8	-8.086983E-6
1.600000E-1	5.271348E-8	-8.917294E-6
1.700000E-1	4.513731E-8	-9.796447E-6
1.800000E-1	4.447852E-8	-1.048023E-5
1.900000E-1	4.151393E-8	-1.137567E-5
2.000000E-1	4.052573E-8	-1.284092E-5
2.100000E-1	4.085513E-8	-1.398056E-5
2.200000E-1	3.163197E-8	-1.500624E-5
2.300000E-1	3.393776E-8	-1.656918E-5
2.400000E-1	2.767919E-8	-1.772510E-5
2.500000E-1	2.438521E-8	-1.907640E-5
2.600000E-1	1.582085E-8	-2.063933E-5
2.700000E-1	1.779724E-8	-2.208831E-5
2.800000E-1	1.153867E-8	-2.376521E-5
2.900000E-1	4.950696E-9	-2.552352E-5
3.000000E-1	1.327313E-9	-2.726554E-5
3.100000E-1	-8.884041E-9	-2.890988E-5
3.200000E-1	-1.118983E-8	-3.087984E-5
3.300000E-1	-1.777780E-8	-3.298004E-5
3.400000E-1	-2.337758E-8	-3.501511E-5
3.500000E-1	-3.556532E-8	-3.708275E-5
3.600000E-1	-4.215329E-8	-3.918295E-5
3.700000E-1	-5.203524E-8	-4.129943E-5
3.800000E-1	-5.467043E-8	-4.348103E-5
3.900000E-1	-6.850517E-8	-4.571148E-5
4.000000E-1	-7.245795E-8	-4.831637E-5
4.100000E-1	-8.431630E-8	-5.051426E-5
4.200000E-1	-9.123367E-8	-5.297263E-5
4.300000E-1	-9.716284E-8	-5.572405E-5
4.400000E-1	-1.133034E-7	-5.797078E-5
4.500000E-1	-1.241735E-7	-6.075476E-5
4.600000E-1	-1.337261E-7	-6.342478E-5
4.700000E-1	-1.422904E-7	-6.609480E-5
4.800000E-1	-1.590898E-7	-6.918812E-5
4.900000E-1	-1.679835E-7	-7.180930E-5
5.000000E-1	-1.805007E-7	-7.478865E-5
5.100000E-1	-1.936766E-7	-7.770288E-5
5.200000E-1	-2.068525E-7	-8.069851E-5
5.300000E-1	-2.180521E-7	-8.344993E-5
5.400000E-1	-2.308986E-7	-8.664093E-5
5.500000E-1	-2.476980E-7	-8.909930E-5
5.600000E-1	-2.582387E-7	-9.263220E-5
5.700000E-1	-2.760262E-7	-9.569295E-5
5.800000E-1	-2.872258E-7	-9.867230E-5
5.900000E-1	-2.980959E-7	-1.019610E-4
6.000000E-1	-3.142365E-7	-1.048264E-4
6.100000E-1	-3.247772E-7	-1.083104E-4
6.200000E-1	-3.438823E-7	-1.113386E-4
6.300000E-1	-3.521173E-7	-1.145785E-4
6.400000E-1	-3.784692E-7	-1.181928E-4
6.500000E-1	-3.827513E-7	-1.215140E-4
6.600000E-1	-3.965861E-7	-1.249329E-4
6.700000E-1	-4.189852E-7	-1.281402E-4
6.800000E-1	-4.298553E-7	-1.314940E-4
6.900000E-1	-4.492898E-7	-1.352060E-4
7.000000E-1	-4.634540E-7	-1.383644E-4
7.100000E-1	-4.743241E-7	-1.420276E-4
7.200000E-1	-4.921116E-7	-1.457233E-4
7.300000E-1	-5.105580E-7	-1.491096E-4
7.400000E-1	-5.263691E-7	-1.527565E-4
7.500000E-1	-5.388862E-7	-1.563057E-4
7.600000E-1	-5.576619E-7	-1.598874E-4
7.700000E-1	-5.675439E-7	-1.633063E-4
7.800000E-1	-5.866490E-7	-1.672951E-4
7.900000E-1	-5.988368E-7	-1.709419E-4
8.000000E-1	-6.212359E-7	-1.745562E-4
8.100000E-1	-6.354000E-7	-1.783333E-4
8.200000E-1	-6.380352E-7	-1.821104E-4
8.300000E-1	-6.594461E-7	-1.860178E-4
8.400000E-1	-6.745984E-7	-1.900228E-4
8.500000E-1	-6.861274E-7	-1.937674E-4
8.600000E-1	-7.058913E-7	-1.977887E-4
8.700000E-1	-7.124792E-7	-2.012402E-4
8.800000E-1	-7.282904E-7	-2.052126E-4
8.900000E-1	-7.404781E-7	-2.093153E-4
9.000000E-1	-7.572774E-7	-2.130436E-4
9.100000E-1	-7.668300E-7	-2.168207E-4
9.200000E-1	-7.862645E-7	-2.209723E-4
9.300000E-1	-7.918643E-7	-2.249610E-4
9.400000E-1	-8.145928E-7	-2.291126E-4
9.500000E-1	-8.182162E-7	-2.331990E-4
9.600000E-1	-8.369919E-7	-2.372366E-4
9.700000E-1	-8.442386E-7	-2.412579E-4
9.800000E-1	-8.570852E-7	-2.455885E-4
9.900000E-1	-8.735551E-7	-2.497401E-4
1.000000E+0	-8.821195E-7	-2.534032E-4
1.010000E+0	-8.933190E-7	-2.572943E-4
1.020000E+0	-9.068244E-7	-2.618692E-4
1.030000E+0	-9.120947E-7	-2.657765E-4
1.040000E+0	-9.272471E-7	-2.703025E-4
1.050000E+0	-9.351526E-7	-2.744215E-4
1.060000E+0	-9.496462E-7	-2.785568E-4
1.070000E+0	-9.549165E-7	-2.832944E-4
1.080000E+0	-9.657867E-7	-2.874297E-4
1.090000E+0	-9.786332E-7	-2.917766E-4
1.100000E+0	-9.875270E-7	-2.961073E-4
1.110000E+0	-1.001362E-6	-3.004379E-4
1.120000E+0	-1.012891E-6	-3.051593E-4
1.130000E+0	-1.021455E-6	-3.094411E-4
1.140000E+0	-1.028702E-6	-3.134461E-4
1.150000E+0	-1.036607E-6	-3.182001E-4
1.160000E+0	-1.047148E-6	-3.224167E-4
1.170000E+0	-1.053407E-6	-3.269428E-4
1.180000E+0	-1.062300E-6	-3.314199E-4
1.190000E+0	-1.070535E-6	-3.360762E-4
1.200000E+0	-1.078112E-6	-3.405371E-4
1.210000E+0	-1.085029E-6	-3.450142E-4
1.220000E+0	-1.095240E-6	-3.494751E-4
1.230000E+0	-1.103146E-6	-3.544407E-4
1.240000E+0	-1.108416E-6	-3.589016E-4
1.250000E+0	-1.119286E-6	-3.633951E-4
1.260000E+0	-1.125545E-6	-3.684746E-4
1.270000E+0	-1.130486E-6	-3.730006E-4
1.280000E+0	-1.131145E-6	-3.778522E-4
1.290000E+0	-1.141356E-6	-3.823457E-4
1.300000E+0	-1.144979E-6	-3.871810E-4
1.310000E+0	-1.149920E-6	-3.918861E-4
1.320000E+0	-1.156179E-6	-3.969331E-4
1.330000E+0	-1.159802E-6	-4.013289E-4
1.340000E+0	-1.173308E-6	-4.062293E-4
1.350000E+0	-1.173637E-6	-4.107554E-4
1.360000E+0	-1.186484E-6	-4.158349E-4
1.370000E+0	-1.193730E-6	-4.205563E-4
1.380000E+0	-1.192083E-6	-4.250660E-4
1.390000E+0	-1.199330E-6	-4.301781E-4
1.400000E+0	-1.203612E-6	-4.350135E-4
1.410000E+0	-1.202954E-6	-4.398976E-4
1.420000E+0	-1.210200E-6	-4.449121E-4
1.430000E+0	-1.211847E-6	-4.495195E-4
1.440000E+0	-1.220412E-6	-4.545828E-4
1.450000E+0	-1.223706E-6	-4.591902E-4
1.460000E+0	-1.230294E-6	-4.639604E-4
1.470000E+0	-1.227000E-6	-4.687632E-4
1.480000E+0	-1.235235E-6	-4.738753E-4
1.490000E+0	-1.237211E-6	-4.789874E-4
1.500000E+0	-1.242811E-6	-4.838390E-4
1.510000E+0	-1.245775E-6	-4.887232E-4
1.520000E+0	-1.247422E-6	-4.937865E-4
1.530000E+0	-1.250058E-6	-4.989149E-4
1.540000E+0	-1.254010E-6	-5.040107E-4
1.550000E+0	-1.246105E-6	-5.091554E-4
1.560000E+0	-1.254340E-6	-5.141372E-4
1.570000E+0	-1.259281E-6	-5.191191E-4
1.580000E+0	-1.255328E-6	-5.242801E-4
1.590000E+0	-1.260269E-6	-5.293271E-4
1.600000E+0	-1.261916E-6	-5.345368E-4
1.610000E+0	-1.259610E-6	-5.395838E-4
1.620000E+0	-1.267845E-6	-5.445820E-4
1.630000E+0	-1.263234E-6	-5.499546E-4
1.640000E+0	-1.266857E-6	-5.547248E-4
1.650000E+0	-1.261916E-6	-5.601137E-4
1.660000E+0	-1.265869E-6	-5.654212E-4
1.670000E+0	-1.272786E-6	-5.705170E-4
1.680000E+0	-1.265539E-6	-5.754989E-4
1.690000E+0	-1.269822E-6	-5.807412E-4
1.700000E+0	-1.267186E-6	-5.859185E-4
1.710000E+0	-1.271798E-6	-5.913236E-4
1.720000E+0	-1.270151E-6	-5.962241E-4
1.730000E+0	-1.269822E-6	-6.017921E-4
1.740000E+0	-1.276409E-6	-6.069042E-4
1.750000E+0	-1.272786E-6	-6.122931E-4
1.760000E+0	-1.272457E-6	-6.174377E-4
1.770000E+0	-1.268833E-6	-6.229243E-4
1.780000E+0	-1.274104E-6	-6.281992E-4
1.790000E+0	-1.273445E-6	-6.334579E-4
1.800000E+0	-1.269492E-6	-6.387002E-4
1.810000E+0	-1.271798E-6	-6.439100E-4
1.820000E+0	-1.265539E-6	-6.494129E-4
1.830000E+0	-1.270810E-6	-6.548343E-4
1.840000E+0	-1.268833E-6	-6.601255E-4
1.850000E+0	-1.260269E-6	-6.651236E-4
1.860000E+0	-1.268833E-6	-6.705939E-4
1.870000E+0	-1.265210E-6	-6.758200E-4
1.880000E+0	-1.259281E-6	-6.814694E-4
1.890000E+0	-1.261257E-6	-6.867280E-4
1.900000E+0	-1.258293E-6	-6.923774E-4
1.910000E+0	-1.258951E-6	-6.974407E-4
1.920000E+0	-1.255987E-6	-7.031063E-4
1.930000E+0	-1.258622E-6	-7.083812E-4
1.940000E+0	-1.260269E-6	-7.139655E-4
1.950000E+0	-1.250058E-6	-7.194520E-4
1.960000E+0	-1.247422E-6	-7.249712E-4
1.970000E+0	-1.249728E-6	-7.303926E-4
1.980000E+0	-1.250716E-6	-7.359280E-4
1.990000E+0	-1.246434E-6	-7.411541E-4
2.000000E+0	-1.240505E-6	-7.463802E-4
2.010000E+0	-1.241493E-6	-7.522086E-4
2.020000E+0	-1.238858E-6	-7.575975E-4
2.030000E+0	-1.239517E-6	-7.633283E-4
2.040000E+0	-1.235893E-6	-7.686195E-4
2.050000E+0	-1.227329E-6	-7.740572E-4
2.060000E+0	-1.233258E-6	-7.799508E-4
2.070000E+0	-1.229305E-6	-7.853397E-4
2.080000E+0	-1.223047E-6	-7.904192E-4
2.090000E+0	-1.227659E-6	-7.960686E-4
2.100000E+0	-1.222718E-6	-8.018645E-4
2.110000E+0	-1.215141E-6	-8.072697E-4
2.120000E+0	-1.212177E-6	-8.128214E-4
2.130000E+0	-1.208553E-6	-8.181614E-4
2.140000E+0	-1.211847E-6	-8.239410E-4
2.150000E+0	-1.208883E-6	-8.293136E-4
2.160000E+0	-1.205259E-6	-8.349304E-4
2.170000E+0	-1.195048E-6	-8.405310E-4
2.180000E+0	-1.192413E-6	-8.461152E-4
2.190000E+0	-1.198671E-6	-8.518786E-4
2.200000E+0	-1.189778E-6	-8.573163E-4
2.210000E+0	-1.184837E-6	-8.629168E-4
2.220000E+0	-1.184837E-6	-8.685499E-4
2.230000E+0	-1.184178E-6	-8.741830E-4
2.240000E+0	-1.179237E-6	-8.795556E-4
2.250000E+0	-1.178578E-6	-8.852050E-4
2.260000E+0	-1.173637E-6	-8.908381E-4
2.270000E+0	-1.169026E-6	-8.960479E-4
2.280000E+0	-1.171661E-6	-9.020228E-4
2.290000E+0	-1.169355E-6	-9.076234E-4
2.300000E+0	-1.153873E-6	-9.133379E-4
2.310000E+0	-1.157497E-6	-9.187268E-4
2.320000E+0	-1.147615E-6	-9.243273E-4
2.330000E+0	-1.150909E-6	-9.301720E-4
2.340000E+0	-1.148273E-6	-9.357400E-4
2.350000E+0	-1.144979E-6	-9.415522E-4
2.360000E+0	-1.146956E-6	-9.471039E-4
2.370000E+0	-1.136745E-6	-9.528021E-4
2.380000E+0	-1.133121E-6	-9.584352E-4
2.390000E+0	-1.133451E-6	-9.640683E-4
2.400000E+0	-1.129498E-6	-9.697176E-4
2.410000E+0	-1.126204E-6	-9.755135E-4
2.420000E+0	-1.123239E-6	-9.809675E-4
2.430000E+0	-1.122251E-6	-9.865355E-4
2.440000E+0	-1.115663E-6	-9.925268E-4
2.450000E+0	-1.112369E-6	-9.980947E-4
2.460000E+0	-1.107757E-6	-1.003760E-3
2.470000E+0	-1.107099E-6	-1.009573E-3
2.480000E+0	-1.102816E-6	-1.015157E-3
2.490000E+0	-1.098864E-6	-1.021034E-3
2.500000E+0	-1.096229E-6	-1.026879E-3
2.510000E+0	-1.094252E-6	-1.032203E-3
2.520000E+0	-1.090629E-6	-1.037966E-3
2.530000E+0	-1.090299E-6	-1.043908E-3
2.540000E+0	-1.084370E-6	-1.049721E-3
2.550000E+0	-1.078112E-6	-1.055223E-3
2.560000E+0	-1.075806E-6	-1.060791E-3
2.570000E+0	-1.072841E-6	-1.066815E-3
2.580000E+0	-1.069877E-6	-1.072220E-3
2.590000E+0	-1.067571E-6	-1.078260E-3
2.600000E+0	-1.062630E-6	-1.083552E-3
2.610000E+0	-1.060324E-6	-1.089543E-3
2.620000E+0	-1.061642E-6	-1.095078E-3
2.630000E+0	-1.053736E-6	-1.100858E-3
2.640000E+0	-1.054065E-6	-1.106459E-3
2.650000E+0	-1.046160E-6	-1.112303E-3
2.660000E+0	-1.040890E-6	-1.117985E-3
2.670000E+0	-1.040890E-6	-1.123749E-3
2.680000E+0	-1.038913E-6	-1.129430E-3
2.690000E+0	-1.031008E-6	-1.135210E-3
2.700000E+0	-1.032655E-6	-1.141055E-3
2.710000E+0	-1.025408E-6	-1.146948E-3
2.720000E+0	-1.024090E-6	-1.152370E-3
2.730000E+0	-1.017173E-6	-1.158443E-3
2.740000E+0	-1.020796E-6	-1.164027E-3
2.750000E+0	-1.014538E-6	-1.169578E-3
2.760000E+0	-1.011902E-6	-1.175635E-3
2.770000E+0	-1.008279E-6	-1.181138E-3
2.780000E+0	-1.008279E-6	-1.187503E-3
2.790000E+0	-9.997147E-7	-1.192811E-3
2.800000E+0	-9.980677E-7	-1.198639E-3
2.810000E+0	-9.957620E-7	-1.204598E-3
2.820000E+0	-9.911504E-7	-1.210003E-3
2.830000E+0	-9.891740E-7	-1.216125E-3
2.840000E+0	-9.891740E-7	-1.221709E-3
2.850000E+0	-9.806096E-7	-1.227554E-3
2.860000E+0	-9.792920E-7	-1.233415E-3
2.870000E+0	-9.786332E-7	-1.239097E-3
2.880000E+0	-9.756686E-7	-1.244453E-3
2.890000E+0	-9.697395E-7	-1.250819E-3
2.900000E+0	-9.713865E-7	-1.256436E-3
2.910000E+0	-9.703983E-7	-1.262150E-3
2.920000E+0	-9.598575E-7	-1.267783E-3
2.930000E+0	-9.605163E-7	-1.273693E-3
2.940000E+0	-9.591987E-7	-1.279635E-3
2.950000E+0	-9.595281E-7	-1.285089E-3
2.960000E+0	-9.489874E-7	-1.291195E-3
2.970000E+0	-9.519520E-7	-1.296746E-3
2.980000E+0	-9.460228E-7	-1.302379E-3
2.990000E+0	-9.496462E-7	-1.308159E-3
3.000000E+0	-9.387760E-7	-1.314069E-3
3.010000E+0	-9.381172E-7	-1.319914E-3
3.020000E+0	-9.354820E-7	-1.325726E-3
3.030000E+0	-9.328468E-7	-1.331571E-3
3.040000E+0	-9.341644E-7	-1.337236E-3
3.050000E+0	-9.279059E-7	-1.343032E-3
3.060000E+0	-9.209885E-7	-1.349023E-3
3.070000E+0	-9.246119E-7	-1.354738E-3
3.080000E+0	-9.262589E-7	-1.360680E-3
3.090000E+0	-9.216473E-7	-1.366313E-3
3.100000E+0	-9.170357E-7	-1.372337E-3
3.110000E+0	-9.176945E-7	-1.377710E-3
3.120000E+0	-9.127535E-7	-1.383815E-3
3.130000E+0	-9.127535E-7	-1.389497E-3
3.140000E+0	-9.078126E-7	-1.395553E-3
3.150000E+0	-9.084714E-7	-1.401219E-3
3.160000E+0	-9.048480E-7	-1.407145E-3
3.170000E+0	-9.041892E-7	-1.413071E-3
3.180000E+0	-9.015540E-7	-1.418607E-3
3.190000E+0	-9.012246E-7	-1.424500E-3
3.200000E+0	-8.976012E-7	-1.430361E-3
3.210000E+0	-8.966130E-7	-1.436499E-3
3.220000E+0	-8.916720E-7	-1.442214E-3
3.230000E+0	-8.926602E-7	-1.448221E-3
3.240000E+0	-8.840959E-7	-1.454033E-3
3.250000E+0	-8.880486E-7	-1.459634E-3
3.260000E+0	-8.821195E-7	-1.465495E-3
3.270000E+0	-8.857429E-7	-1.471730E-3
3.280000E+0	-8.811313E-7	-1.477119E-3
3.290000E+0	-8.794843E-7	-1.483176E-3
3.300000E+0	-8.781667E-7	-1.488955E-3
3.310000E+0	-8.765197E-7	-1.494702E-3
3.320000E+0	-8.672965E-7	-1.500661E-3
3.330000E+0	-8.732257E-7	-1.506587E-3
3.340000E+0	-8.682847E-7	-1.512513E-3
3.350000E+0	-8.689435E-7	-1.518570E-3
3.360000E+0	-8.607086E-7	-1.524219E-3
3.370000E+0	-8.600498E-7	-1.530048E-3
3.380000E+0	-8.616968E-7	-1.535925E-3
3.390000E+0	-8.580734E-7	-1.541884E-3
3.400000E+0	-8.537912E-7	-1.547647E-3
3.410000E+0	-8.554382E-7	-1.553475E-3
3.420000E+0	-8.547794E-7	-1.559483E-3
3.430000E+0	-8.534618E-7	-1.565425E-3
3.440000E+0	-8.448974E-7	-1.571514E-3
3.450000E+0	-8.498384E-7	-1.577424E-3
3.460000E+0	-8.475326E-7	-1.583187E-3
3.470000E+0	-8.458856E-7	-1.588902E-3
3.480000E+0	-8.455562E-7	-1.595040E-3
3.490000E+0	-8.392977E-7	-1.601112E-3
3.500000E+0	-8.462150E-7	-1.606778E-3
3.510000E+0	-8.373213E-7	-1.612932E-3
3.520000E+0	-8.402859E-7	-1.618614E-3
3.530000E+0	-8.379801E-7	-1.624850E-3
3.540000E+0	-8.323803E-7	-1.630825E-3
3.550000E+0	-8.376507E-7	-1.636604E-3
3.560000E+0	-8.317215E-7	-1.642726E-3
3.570000E+0	-8.267805E-7	-1.648652E-3
3.580000E+0	-8.300745E-7	-1.654448E-3
3.590000E+0	-8.300745E-7	-1.660358E-3
3.600000E+0	-8.267805E-7	-1.666463E-3
3.610000E+0	-8.264511E-7	-1.672438E-3
3.620000E+0	-8.238159E-7	-1.678559E-3
3.630000E+0	-8.185456E-7	-1.684078E-3
3.640000E+0	-8.188750E-7	-1.690135E-3
3.650000E+0	-8.149222E-7	-1.696354E-3
3.660000E+0	-8.132752E-7	-1.702280E-3
3.670000E+0	-8.172280E-7	-1.708125E-3
3.680000E+0	-8.198632E-7	-1.713937E-3
3.690000E+0	-8.155810E-7	-1.720221E-3
3.700000E+0	-8.129458E-7	-1.725985E-3
3.710000E+0	-8.089930E-7	-1.731927E-3
3.720000E+0	-8.086636E-7	-1.738000E-3
3.730000E+0	-8.093224E-7	-1.744414E-3
3.740000E+0	-8.093224E-7	-1.750161E-3
3.750000E+0	-8.070166E-7	-1.756104E-3
3.760000E+0	-8.080048E-7	-1.761965E-3
3.770000E+0	-8.014168E-7	-1.768135E-3
3.780000E+0	-8.014168E-7	-1.774289E-3
3.790000E+0	-8.040520E-7	-1.780557E-3
3.800000E+0	-8.014168E-7	-1.786500E-3
3.810000E+0	-8.050402E-7	-1.792377E-3
3.820000E+0	-8.007580E-7	-1.798385E-3
3.830000E+0	-7.964759E-7	-1.804604E-3
3.840000E+0	-8.004286E-7	-1.810677E-3
3.850000E+0	-7.958171E-7	-1.816847E-3
3.860000E+0	-7.951583E-7	-1.822936E-3
3.870000E+0	-7.938407E-7	-1.828439E-3
3.880000E+0	-7.954877E-7	-1.834886E-3
3.890000E+0	-7.862645E-7	-1.841317E-3
3.900000E+0	-7.888997E-7	-1.847194E-3
3.910000E+0	-7.888997E-7	-1.853022E-3
3.920000E+0	-7.885703E-7	-1.859111E-3
3.930000E+0	-7.865939E-7	-1.865217E-3
3.940000E+0	-7.803353E-7	-1.871240E-3
3.950000E+0	-7.856057E-7	-1.877313E-3
3.960000E+0	-7.836293E-7	-1.883793E-3
3.970000E+0	-7.800059E-7	-1.889703E-3
3.980000E+0	-7.809941E-7	-1.895596E-3
3.990000E+0	-7.783589E-7	-1.901946E-3
4.000000E+0	-7.800059E-7	-1.907790E-3
4.010000E+0	-7.780295E-7	-1.914286E-3
4.020000E+0	-7.790177E-7	-1.920180E-3
4.030000E+0	-7.753944E-7	-1.926204E-3
4.040000E+0	-7.753944E-7	-1.932570E-3
4.050000E+0	-7.780295E-7	-1.938675E-3
4.060000E+0	-7.678182E-7	-1.944796E-3
4.070000E+0	-7.721004E-7	-1.951113E-3
4.080000E+0	-7.609008E-7	-1.957316E-3
4.090000E+0	-7.724298E-7	-1.963210E-3
4.100000E+0	-7.684770E-7	-1.969640E-3
4.110000E+0	-7.701240E-7	-1.975746E-3
4.120000E+0	-7.645242E-7	-1.982046E-3
4.130000E+0	-7.668300E-7	-1.988135E-3
4.140000E+0	-7.635360E-7	-1.994534E-3
4.150000E+0	-7.638654E-7	-2.000720E-3
4.160000E+0	-7.609008E-7	-2.006874E-3
4.170000E+0	-7.641948E-7	-2.012898E-3
4.180000E+0	-7.602420E-7	-2.019361E-3
4.190000E+0	-7.602420E-7	-2.025353E-3
4.200000E+0	-7.628772E-7	-2.031849E-3
4.210000E+0	-7.595832E-7	-2.037498E-3
4.220000E+0	-7.609008E-7	-2.043685E-3
4.230000E+0	-7.609008E-7	-2.050441E-3
4.240000E+0	-7.576068E-7	-2.056758E-3
4.250000E+0	-7.553011E-7	-2.062831E-3
4.260000E+0	-7.556304E-7	-2.068952E-3
4.270000E+0	-7.493719E-7	-2.075334E-3
4.280000E+0	-7.562892E-7	-2.081716E-3
4.290000E+0	-7.559598E-7	-2.087756E-3
4.300000E+0	-7.539835E-7	-2.094269E-3
4.310000E+0	-7.602420E-7	-2.100520E-3
4.320000E+0	-7.506895E-7	-2.106935E-3
4.330000E+0	-7.490425E-7	-2.113268E-3
4.340000E+0	-7.549717E-7	-2.119227E-3
4.350000E+0	-7.431133E-7	-2.125283E-3
4.360000E+0	-7.503601E-7	-2.131730E-3
4.370000E+0	-7.483837E-7	-2.138145E-3
4.380000E+0	-7.427839E-7	-2.144185E-3
4.390000E+0	-7.500307E-7	-2.150681E-3
4.400000E+0	-7.417957E-7	-2.156884E-3
4.410000E+0	-7.464073E-7	-2.163233E-3
4.420000E+0	-7.467367E-7	-2.169322E-3
4.430000E+0	-7.467367E-7	-2.175786E-3
4.440000E+0	-7.441015E-7	-2.182216E-3
4.450000E+0	-7.414663E-7	-2.188517E-3
4.460000E+0	-7.480543E-7	-2.194476E-3
4.470000E+0	-7.437721E-7	-2.201428E-3
4.480000E+0	-7.401487E-7	-2.207484E-3
4.490000E+0	-7.401487E-7	-2.213768E-3
4.500000E+0	-7.444309E-7	-2.220313E-3
4.510000E+0	-7.414663E-7	-2.226418E-3
4.520000E+0	-7.375135E-7	-2.233191E-3
4.530000E+0	-7.398193E-7	-2.239313E-3
4.540000E+0	-7.414663E-7	-2.245418E-3
4.550000E+0	-7.378429E-7	-2.251898E-3
4.560000E+0	-7.404781E-7	-2.258459E-3
4.570000E+0	-7.371841E-7	-2.264743E-3
4.580000E+0	-7.368547E-7	-2.271109E-3
4.590000E+0	-7.368547E-7	-2.277377E-3
4.600000E+0	-7.352077E-7	-2.283824E-3
4.610000E+0	-7.375135E-7	-2.290369E-3
4.620000E+0	-7.355371E-7	-2.296572E-3
4.630000E+0	-7.319138E-7	-2.303035E-3
4.640000E+0	-7.381723E-7	-2.309531E-3
4.650000E+0	-7.302668E-7	-2.315685E-3
4.660000E+0	-7.348783E-7	-2.322490E-3
4.670000E+0	-7.371841E-7	-2.328758E-3
4.680000E+0	-7.312550E-7	-2.334945E-3
4.690000E+0	-7.322432E-7	-2.341164E-3
4.700000E+0	-7.305962E-7	-2.347693E-3
4.710000E+0	-7.322432E-7	-2.354254E-3
4.720000E+0	-7.381723E-7	-2.360831E-3
4.730000E+0	-7.335607E-7	-2.367229E-3
4.740000E+0	-7.345489E-7	-2.373677E-3
4.750000E+0	-7.299374E-7	-2.380042E-3
4.760000E+0	-7.352077E-7	-2.386245E-3
4.770000E+0	-7.322432E-7	-2.392871E-3
4.780000E+0	-7.249964E-7	-2.399660E-3
4.790000E+0	-7.325726E-7	-2.405831E-3
4.800000E+0	-7.282904E-7	-2.412424E-3
4.810000E+0	-7.325726E-7	-2.418660E-3
4.820000E+0	-7.315844E-7	-2.425123E-3
4.830000E+0	-7.312550E-7	-2.431505E-3
4.840000E+0	-7.309256E-7	-2.438343E-3
4.850000E+0	-7.253258E-7	-2.444758E-3
4.860000E+0	-7.296080E-7	-2.451123E-3
4.870000E+0	-7.233494E-7	-2.457685E-3
4.880000E+0	-7.312550E-7	-2.464050E-3
4.890000E+0	-7.338901E-7	-2.470383E-3
4.900000E+0	-7.292786E-7	-2.477156E-3
4.910000E+0	-7.243376E-7	-2.483554E-3
4.920000E+0	-7.302668E-7	-2.489822E-3
4.930000E+0	-7.259846E-7	-2.496498E-3
4.940000E+0	-7.253258E-7	-2.503075E-3
4.950000E+0	-7.302668E-7	-2.509734E-3
4.960000E+0	-7.322432E-7	-2.515969E-3
4.970000E+0	-7.342195E-7	-2.522400E-3
4.980000E+0	-7.289492E-7	-2.528912E-3
4.990000E+0	-7.269728E-7	-2.535555E-3
5.000000E+0	-7.319138E-7	-2.541790E-3
